#type_of_cam: 
#0---d435i
#1---euroc_mav
#2---others
type_of_cam: 0

#image_width: 640
#image_height: 360
#camera_model: pinhole
#intrinsics: [318.5274353, 318.71154785, 318.5274353, 179.5751648]#fx fy cx cy
#distortion_model: radtan
#distortion_coeffs: [0.0, 0.0, 0.0, 0.0]

image_width: 640
image_height: 480
intrinsics: [379.8116149902344, 379.8116149902344, 317.59075927734375, 235.95370483398438]#fx fy cx cy

distortion_coeffs: [0.0, 0.0, 0.0, 0.0]#k1 k2 r1 r2

T_imu_cam:
[ 0.0,  0.0,  1.0,  0.0,
 -1.0,  0.0,  0.0,  0.0,
  0.0, -1.0,  0.0,  0.0,
  0.0,  0.0,  0.0,  1.0]

timeshift_cam_imu: 0.0


